6139
531
8648
1749
171
333
12522
8564
11331
9931
11040
1746
1719
4640
2821
3134
6139
11040
1746
1719
4640
9931
4640
403
4525
9135
9889
9208
8435
4525
9208
2821
3134
6139
11040
8435
403
11886
2821
3134
9931
9931
9931
9931
6139
1719
8435
1746
403
9931
177
11040
403
1280
10658
8435
1746
9889
9208
7640
333
3914
3018
3027
9208
2821
3134
9931
9931
9931
9931
6139
1719
8435
1746
403
9931
4525
403
1719
8435
9889
9208
13797
5867
8435
10430
334
2274
1280
1746
9208
9931
177
2274
4525
1746
8435
4525
1746
9889
9208
10430
5867
11886
1746
11040
9889
11886
8435
13797
5867
177
8435
3018
10430
5867
11886
1746
11040
12109
9931
5867
4525
5867
1746
5867
403
4640
3018
10658
177
403
4640
8435
9889
6685
10762
10103
9208
2821
3134
9931
9931
9931
9931
6139
1746
5867
1746
4640
8435
2821
11331
8638
8435
1719
334
4640
2274
9931
11886
8435
9931
3590
333
1046
13378
9931
7058
5867
9135
403
4525
1746
8435
6139
2653
1746
5867
1746
4640
8435
2821
3134
9931
9931
9931
9931
6139
10658
1746
9138
4640
8435
2821
3134
9931
9931
9931
9931
9931
9931
9931
9931
10588
2274
11886
9138
9931
1148
3134
9931
9931
9931
9931
9931
9931
9931
9931
9931
9931
9931
9931
7675
2274
4525
1746
3018
7675
403
1719
5867
4640
9138
12928
9931
1545
1280
5867
403
4640
12109
9931
10658
403
4525
10658
3018
10658
8435
1280
5867
7675
1308
3134
9931
9931
9931
9931
9931
9931
9931
9931
9931
9931
9931
9931
4640
5867
4525
8435
3018
11040
8435
5867
9135
11040
1746
12928
9931
6685
10762
518
1308
3134
9931
9931
9931
9931
9931
9931
9931
9931
9931
9931
9931
9931
1719
403
1280
9135
5867
4525
12928
9931
12988
10103
334
1216
1308
3134
9931
9931
9931
9931
9931
9931
9931
9931
9931
9931
9931
9931
334
403
11886
11886
5867
4525
9135
12928
9931
12988
10103
334
1216
1308
3134
9931
9931
9931
9931
9931
9931
9931
9931
9931
9931
9931
9931
10588
403
177
400
9135
1280
2274
7679
4525
11886
3018
177
2274
4640
2274
1280
12928
9931
3784
7675
10103
7675
10103
7675
10103
1308
3134
9931
9931
9931
9931
9931
9931
9931
9931
7139
3134
9931
9931
9931
9931
9931
9931
9931
9931
11040
6685
9931
1148
3134
9931
9931
9931
9931
9931
9931
9931
9931
9931
9931
9931
9931
177
2274
4640
2274
1280
12928
9931
3784
9284
9284
9284
1308
3134
9931
9931
9931
9931
9931
9931
9931
9931
9931
9931
9931
9931
1746
8435
1216
1746
3018
403
4640
5867
9135
4525
12928
9931
177
8435
4525
1746
8435
1280
1308
3134
9931
9931
9931
9931
9931
9931
9931
9931
7139
3134
9931
9931
9931
9931
9931
9931
9931
9931
334
9931
1148
3134
9931
9931
9931
9931
9931
9931
9931
9931
9931
9931
9931
9931
177
2274
4640
2274
1280
12928
9931
3784
518
518
518
1308
3134
9931
9931
9931
9931
9931
9931
9931
9931
9931
9931
9931
9931
1719
403
1280
9135
5867
4525
3018
10588
2274
1746
1746
2274
1719
12928
9931
6685
10103
334
1216
1308
3134
9931
9931
9931
9931
9931
9931
9931
9931
7139
3134
9931
9931
9931
9931
9931
9931
9931
9931
10762
177
2274
4525
1746
403
5867
4525
8435
1280
9931
1148
3134
9931
9931
9931
9931
9931
9931
9931
9931
9931
9931
9931
9931
1719
403
1216
3018
10430
5867
11886
1746
11040
12928
9931
3027
10103
10103
334
1216
1308
3134
9931
9931
9931
9931
9931
9931
9931
9931
9931
9931
9931
9931
1719
403
1280
9135
5867
4525
12928
9931
403
7679
1746
2274
1308
3134
9931
9931
9931
9931
9931
9931
9931
9931
9931
9931
9931
9931
10588
403
177
400
9135
1280
2274
7679
4525
11886
12928
9931
3784
7675
7675
7675
1308
3134
9931
9931
9931
9931
9931
9931
9931
9931
9931
9931
9931
9931
334
403
11886
11886
5867
4525
9135
12928
9931
12988
10103
334
1216
1308
3134
9931
9931
9931
9931
9931
9931
9931
9931
9931
9931
9931
9931
10588
2274
1280
11886
8435
1280
12928
9931
6685
334
1216
9931
10658
2274
4640
5867
11886
9931
3784
177
177
177
1308
3134
9931
9931
9931
9931
9931
9931
9931
9931
9931
9931
9931
9931
10588
2274
1280
11886
8435
1280
3018
1280
403
11886
5867
7679
10658
12928
9931
9862
334
1216
1308
3134
9931
9931
9931
9931
9931
9931
9931
9931
9931
9931
9931
9931
10588
2274
1216
3018
10658
11040
403
11886
2274
10430
12928
9931
10103
9931
10103
9931
6685
10103
334
1216
9931
1280
9135
10588
403
3648
10103
12109
10103
12109
10103
12109
10103
10762
6685
3444
1308
3134
9931
9931
9931
9931
9931
9931
9931
9931
7139
3134
9931
9931
9931
9931
9931
9931
9931
9931
10762
7675
2274
2274
1746
8435
1280
9931
1148
3134
9931
9931
9931
9931
9931
9931
9931
9931
9931
9931
9931
9931
1746
8435
1216
1746
3018
403
4640
5867
9135
4525
12928
9931
177
8435
4525
1746
8435
1280
1308
3134
9931
9931
9931
9931
9931
9931
9931
9931
9931
9931
9931
9931
1719
403
1280
9135
5867
4525
3018
1746
2274
334
12928
9931
12988
10103
334
1216
1308
3134
9931
9931
9931
9931
9931
9931
9931
9931
9931
9931
9931
9931
334
403
11886
11886
5867
4525
9135
3018
1746
2274
334
12928
9931
6685
10103
334
1216
1308
3134
9931
9931
9931
9931
9931
9931
9931
9931
9931
9931
9931
9931
10588
2274
1280
11886
8435
1280
3018
1746
2274
334
12928
9931
6685
334
1216
9931
10658
2274
4640
5867
11886
9931
3784
177
177
177
1308
3134
9931
9931
9931
9931
9931
9931
9931
9931
7139
3134
9931
9931
9931
9931
6139
2653
10658
1746
9138
4640
8435
2821
3134
6139
2653
11040
8435
403
11886
2821
3134
6139
10588
2274
11886
9138
2821
3134
9931
9931
9931
9931
6139
11886
5867
13797
9931
177
4640
403
10658
10658
9889
9208
177
2274
4525
1746
403
5867
4525
8435
1280
9208
2821
3134
9931
9931
9931
9931
9931
9931
9931
9931
6139
11040
6685
2821
11331
8638
8435
1719
334
4640
2274
9931
11886
8435
9931
3590
333
1046
13378
9931
7058
5867
9135
403
4525
1746
8435
6139
2653
11040
6685
2821
3134
9931
9931
9931
9931
9931
9931
9931
9931
6139
334
2821
11331
10658
1746
8435
9931
8435
10658
9931
7679
4525
9931
8435
8638
8435
1719
334
4640
2274
9931
11886
8435
9931
7679
4525
9931
403
1280
177
11040
5867
13797
2274
9931
3590
333
1046
13378
9931
10588
403
10658
1746
403
4525
1746
8435
9931
8435
1216
1746
8435
4525
10658
2274
9931
3877
7679
8435
9931
334
2274
11886
1280
583
403
10658
9931
7679
1746
5867
4640
5867
13201
403
1280
9931
334
403
1280
403
9931
11886
5867
7675
8435
1280
8435
4525
1746
8435
10658
9931
334
1280
2274
334
10974
10658
5867
1746
2274
10658
10762
6139
2653
334
2821
3134
9931
9931
9931
9931
9931
9931
9931
9931
6139
334
2821
11331
4640
9931
177
2274
4525
1746
8435
4525
5867
11886
2274
9931
334
7679
8435
11886
8435
9931
5867
4525
177
4640
7679
5867
1280
9931
1719
4412
4640
1746
5867
334
4640
8435
10658
9931
10658
8435
177
177
5867
2274
4525
8435
10658
12109
9931
5867
1719
12472
9135
8435
4525
8435
10658
12109
9931
8435
4525
4640
403
177
8435
10658
12109
9931
4640
5867
10658
1746
403
10658
9931
9138
9931
2274
1746
1280
2274
10658
9931
8435
4640
8435
1719
8435
4525
1746
2274
10658
9931
3590
333
1046
13378
9931
8435
10658
1746
12472
4525
11886
403
1280
10762
6139
2653
334
2821
3134
9931
9931
9931
9931
9931
9931
9931
9931
6139
11040
12988
2821
4921
8435
177
177
5867
10974
4525
9931
6685
6139
2653
11040
12988
2821
3134
9931
9931
9931
9931
9931
9931
9931
9931
6139
334
2821
13378
2274
1280
8435
1719
9931
5867
334
10658
7679
1719
9931
11886
2274
4640
2274
1280
9931
10658
5867
1746
9931
403
1719
8435
1746
12109
9931
177
2274
4525
10658
8435
177
1746
8435
1746
7679
1280
9931
403
11886
5867
334
5867
10658
177
5867
4525
9135
9931
8435
4640
5867
1746
10762
9931
8564
11040
403
10658
8435
4640
4640
7679
10658
9931
8435
7679
5867
10658
1719
2274
11886
9931
4525
5867
10658
5867
9931
5867
11886
9931
4640
8435
2274
9931
334
11040
403
1280
8435
1746
1280
403
12109
9931
8435
1746
9931
7679
4640
1746
1280
5867
177
5867
8435
10658
9931
1719
403
9135
4525
403
9931
10658
2274
11886
403
4640
8435
10658
10762
6139
2653
334
2821
3134
9931
9931
9931
9931
9931
9931
9931
9931
6139
7679
4640
2821
3134
9931
9931
9931
9931
9931
9931
9931
9931
9931
9931
9931
9931
6139
4640
5867
2821
11331
4640
8435
1719
8435
4525
1746
2274
9931
11886
8435
9931
4640
5867
10658
1746
403
9931
6685
6139
2653
4640
5867
2821
3134
9931
9931
9931
9931
9931
9931
9931
9931
9931
9931
9931
9931
6139
4640
5867
2821
11331
4640
8435
1719
8435
4525
1746
2274
9931
11886
8435
9931
4640
5867
10658
1746
403
9931
12988
6139
2653
4640
5867
2821
3134
9931
9931
9931
9931
9931
9931
9931
9931
9931
9931
9931
9931
6139
4640
5867
2821
11331
4640
8435
1719
8435
4525
1746
2274
9931
11886
8435
9931
4640
5867
10658
1746
403
9931
9284
6139
2653
4640
5867
2821
3134
9931
9931
9931
9931
9931
9931
9931
9931
6139
2653
7679
4640
2821
3134
9931
9931
9931
9931
9931
9931
9931
9931
6139
11040
12988
2821
4921
8435
177
177
5867
10974
4525
9931
12988
6139
2653
11040
12988
2821
3134
9931
9931
9931
9931
9931
9931
9931
9931
6139
334
2821
10676
7679
4640
4640
403
1719
9931
5867
4525
9931
334
7679
1280
7679
10658
9931
403
177
9931
7679
1280
4525
403
9931
10658
2274
11886
403
4640
8435
10658
9931
4640
403
177
5867
4525
5867
403
9931
8435
9135
8435
1746
9931
5867
11886
9931
3877
7679
403
1719
10762
9931
4863
8435
10658
1746
5867
10588
7679
4640
7679
1719
9931
13797
403
1280
5867
7679
10658
12109
9931
4640
5867
10588
8435
1280
2274
9931
8435
1746
9931
13797
8435
10658
1746
5867
10588
7679
4640
7679
1719
9931
7679
4640
1746
1280
5867
177
8435
10658
12109
9931
4640
2274
1280
8435
1719
9931
5867
334
10658
7679
1719
9931
177
2274
4525
10658
8435
3877
7679
403
1746
9931
5867
334
10658
7679
1719
12109
9931
4525
2274
4525
9931
4640
403
2274
1280
8435
8435
1746
9931
4525
5867
10658
4640
9931
403
1280
177
7679
9931
403
9931
2274
11886
5867
2274
10762
6139
2653
334
2821
3134
9931
9931
9931
9931
9931
9931
9931
9931
6139
2274
4640
2821
3134
9931
9931
9931
9931
9931
9931
9931
9931
9931
9931
9931
9931
6139
4640
5867
2821
11331
4640
8435
1719
8435
4525
1746
2274
9931
11886
8435
9931
4640
5867
10658
1746
403
9931
2274
1280
11886
8435
4525
403
11886
403
9931
6685
6139
2653
4640
5867
2821
3134
9931
9931
9931
9931
9931
9931
9931
9931
9931
9931
9931
9931
6139
4640
5867
2821
11331
4640
8435
1719
8435
4525
1746
2274
9931
11886
8435
9931
4640
5867
10658
1746
403
9931
2274
1280
11886
8435
4525
403
11886
403
9931
12988
6139
2653
4640
5867
2821
3134
9931
9931
9931
9931
9931
9931
9931
9931
9931
9931
9931
9931
6139
4640
5867
2821
11331
4640
8435
1719
8435
4525
1746
2274
9931
11886
8435
9931
4640
5867
10658
1746
403
9931
2274
1280
11886
8435
4525
403
11886
403
9931
9284
6139
2653
4640
5867
2821
3134
9931
9931
9931
9931
9931
9931
9931
9931
6139
2653
2274
4640
2821
3134
9931
9931
9931
9931
9931
9931
9931
9931
6139
11040
12988
2821
4921
8435
177
177
5867
10974
4525
9931
9284
6139
2653
11040
12988
2821
3134
9931
9931
9931
9931
9931
9931
9931
9931
6139
334
2821
4921
7679
10658
334
8435
4525
11886
5867
10658
10658
8435
9931
334
2274
1746
8435
4525
1746
5867
10762
9931
4863
8435
10658
1746
5867
10588
7679
4640
7679
1719
9931
10658
403
9135
5867
1746
1746
5867
10658
12109
9931
10658
403
334
5867
8435
4525
9931
3877
7679
5867
10658
9931
4640
403
177
5867
4525
5867
403
9931
7675
403
177
5867
4640
5867
10658
5867
10658
12109
9931
4640
8435
177
1746
7679
10658
9931
1719
5867
9931
8435
7675
7675
5867
177
5867
1746
7679
1280
9931
1719
403
9135
4525
403
12109
9931
8435
7679
9931
4640
7679
177
1746
7679
10658
9931
1719
403
9135
4525
403
9931
4525
7679
4640
4640
403
9931
5867
11886
9931
8435
1216
10762
6139
2653
334
2821
3134
9931
9931
9931
9931
9931
9931
9931
9931
6139
10588
4640
2274
177
400
3877
7679
2274
1746
8435
2821
3134
9931
9931
9931
9931
9931
9931
9931
9931
9931
9931
9931
9931
6139
334
2821
11331
10658
1746
8435
9931
8435
10658
9931
7679
4525
9931
10588
4640
2274
3877
7679
8435
9931
11886
8435
9931
177
5867
1746
403
9931
8435
4525
9931
3590
333
1046
13378
10762
6139
2653
334
2821
3134
9931
9931
9931
9931
9931
9931
9931
9931
6139
2653
10588
4640
2274
177
400
3877
7679
2274
1746
8435
2821
3134
9931
9931
9931
9931
9931
9931
9931
9931
6139
11040
12988
2821
4921
8435
177
177
5867
10974
4525
9931
10285
6139
2653
11040
12988
2821
3134
9931
9931
9931
9931
9931
9931
9931
9931
6139
334
2821
171
7679
1280
403
10588
5867
1746
7679
1280
9931
10658
8435
1719
334
8435
1280
9931
4640
7679
177
1746
7679
10658
9931
1719
403
7679
1280
5867
10658
12109
9931
403
177
9931
13797
8435
4525
8435
4525
403
1746
5867
10658
9931
1280
5867
10658
7679
10658
9931
7679
4640
1746
1280
5867
177
8435
10658
9931
7679
1746
10762
9931
7640
1746
9931
4525
2274
4525
9931
13797
8435
11040
5867
177
7679
4640
403
9931
11886
2274
4640
2274
1280
10762
9931
4863
5867
13797
403
1719
7679
10658
9931
4525
2274
4525
9931
177
2274
4525
13797
403
4640
4640
5867
10658
9931
4640
5867
9135
7679
4640
403
12109
9931
4525
8435
177
9931
7679
4640
1746
1280
5867
177
5867
8435
10658
9931
4640
5867
9135
7679
4640
403
10762
6139
2653
334
2821
3134
9931
9931
9931
9931
9931
9931
9931
9931
6139
334
2821
10676
7679
4640
4640
403
9931
403
177
9931
177
2274
4525
11886
5867
1719
8435
4525
1746
7679
1719
9931
1719
8435
1746
7679
10658
10762
9931
10676
7679
4640
4640
403
1719
9931
10658
5867
1746
9931
403
1719
8435
1746
9931
4640
5867
10588
8435
1280
2274
9931
5867
11886
9931
4640
5867
10588
8435
1280
2274
9931
403
4640
5867
3877
7679
8435
1746
9931
13797
7679
4640
334
7679
1746
403
1746
8435
10762
6139
2653
334
2821
3134
9931
9931
9931
9931
6139
2653
11886
5867
13797
2821
3134
9931
9931
9931
9931
6139
11886
5867
13797
9931
177
4640
403
10658
10658
9889
9208
7675
2274
2274
1746
8435
1280
9208
2821
3134
9931
9931
9931
9931
9931
9931
9931
9931
6139
334
2821
8648
8435
1280
8435
177
11040
2274
10658
9931
1280
8435
10658
8435
1280
13797
403
11886
2274
10658
9931
3840
177
2274
334
9138
1308
9931
12988
10103
12988
10285
6139
2653
334
2821
3134
9931
9931
9931
9931
6139
2653
11886
5867
13797
2821
3134
6139
2653
10588
2274
11886
9138
2821
3134
6139
2653
11040
1746
1719
4640
2821
3134
